(kicad_pcb (version 20171130) (host pcbnew "(5.1.9)-1")

  (general
    (thickness 1.6)
    (drawings 5)
    (tracks 219)
    (zones 0)
    (modules 98)
    (nets 34)
  )

  (page A4)
  (layers
    (0 F.Cu signal)
    (31 B.Cu signal)
    (32 B.Adhes user hide)
    (33 F.Adhes user hide)
    (34 B.Paste user hide)
    (35 F.Paste user)
    (36 B.SilkS user hide)
    (37 F.SilkS user)
    (38 B.Mask user hide)
    (39 F.Mask user hide)
    (40 Dwgs.User user hide)
    (41 Cmts.User user hide)
    (42 Eco1.User user hide)
    (43 Eco2.User user hide)
    (44 Edge.Cuts user)
    (45 Margin user hide)
    (46 B.CrtYd user hide)
    (47 F.CrtYd user hide)
    (48 B.Fab user hide)
    (49 F.Fab user hide)
  )

  (setup
    (last_trace_width 1.016)
    (trace_clearance 0.2)
    (zone_clearance 0.508)
    (zone_45_only no)
    (trace_min 0.2)
    (via_size 0.8)
    (via_drill 0.4)
    (via_min_size 0.4)
    (via_min_drill 0.3)
    (uvia_size 0.3)
    (uvia_drill 0.1)
    (uvias_allowed no)
    (uvia_min_size 0.2)
    (uvia_min_drill 0.1)
    (edge_width 0.05)
    (segment_width 0.2)
    (pcb_text_width 0.3)
    (pcb_text_size 1.5 1.5)
    (mod_edge_width 0.12)
    (mod_text_size 1 1)
    (mod_text_width 0.15)
    (pad_size 1.524 1.524)
    (pad_drill 0.762)
    (pad_to_mask_clearance 0)
    (aux_axis_origin 0 0)
    (visible_elements 7FFFFFFF)
    (pcbplotparams
      (layerselection 0x010fc_ffffffff)
      (usegerberextensions false)
      (usegerberattributes true)
      (usegerberadvancedattributes true)
      (creategerberjobfile true)
      (excludeedgelayer true)
      (linewidth 0.100000)
      (plotframeref false)
      (viasonmask false)
      (mode 1)
      (useauxorigin false)
      (hpglpennumber 1)
      (hpglpenspeed 20)
      (hpglpendiameter 15.000000)
      (psnegative false)
      (psa4output false)
      (plotreference true)
      (plotvalue true)
      (plotinvisibletext false)
      (padsonsilk false)
      (subtractmaskfromsilk false)
      (outputformat 1)
      (mirror false)
      (drillshape 0)
      (scaleselection 1)
      (outputdirectory "GRB/"))
  )

  (net 0 "")
  (net 1 "Net-(D1-Pad1)")
  (net 2 "Net-(D1-Pad2)")
  (net 3 "Net-(D10-Pad1)")
  (net 4 "Net-(D10-Pad2)")
  (net 5 "Net-(D11-Pad1)")
  (net 6 "Net-(D11-Pad2)")
  (net 7 "Net-(D12-Pad2)")
  (net 8 "Net-(D12-Pad1)")
  (net 9 "Net-(D13-Pad2)")
  (net 10 "Net-(D13-Pad1)")
  (net 11 "Net-(D14-Pad1)")
  (net 12 "Net-(D14-Pad2)")
  (net 13 "Net-(D15-Pad1)")
  (net 14 "Net-(D15-Pad2)")
  (net 15 "Net-(D16-Pad2)")
  (net 16 "Net-(D16-Pad1)")
  (net 17 "Net-(D17-Pad2)")
  (net 18 "Net-(D18-Pad2)")
  (net 19 "Net-(D19-Pad2)")
  (net 20 "Net-(D20-Pad2)")
  (net 21 "Net-(D21-Pad2)")
  (net 22 "Net-(D22-Pad2)")
  (net 23 "Net-(D23-Pad2)")
  (net 24 "Net-(D24-Pad2)")
  (net 25 "Net-(D33-Pad2)")
  (net 26 "Net-(D34-Pad2)")
  (net 27 "Net-(D35-Pad2)")
  (net 28 "Net-(D36-Pad2)")
  (net 29 "Net-(D37-Pad2)")
  (net 30 "Net-(D38-Pad2)")
  (net 31 "Net-(D39-Pad2)")
  (net 32 "Net-(D40-Pad2)")
  (net 33 "Net-(JP1-Pad2)")

  (net_class Default "This is the default net class."
    (clearance 0.2)
    (trace_width 1.016)
    (via_dia 0.8)
    (via_drill 0.4)
    (uvia_dia 0.3)
    (uvia_drill 0.1)
    (add_net "Net-(D1-Pad1)")
    (add_net "Net-(D1-Pad2)")
    (add_net "Net-(D10-Pad1)")
    (add_net "Net-(D10-Pad2)")
    (add_net "Net-(D11-Pad1)")
    (add_net "Net-(D11-Pad2)")
    (add_net "Net-(D12-Pad1)")
    (add_net "Net-(D12-Pad2)")
    (add_net "Net-(D13-Pad1)")
    (add_net "Net-(D13-Pad2)")
    (add_net "Net-(D14-Pad1)")
    (add_net "Net-(D14-Pad2)")
    (add_net "Net-(D15-Pad1)")
    (add_net "Net-(D15-Pad2)")
    (add_net "Net-(D16-Pad1)")
    (add_net "Net-(D16-Pad2)")
    (add_net "Net-(D17-Pad2)")
    (add_net "Net-(D18-Pad2)")
    (add_net "Net-(D19-Pad2)")
    (add_net "Net-(D20-Pad2)")
    (add_net "Net-(D21-Pad2)")
    (add_net "Net-(D22-Pad2)")
    (add_net "Net-(D23-Pad2)")
    (add_net "Net-(D24-Pad2)")
    (add_net "Net-(D33-Pad2)")
    (add_net "Net-(D34-Pad2)")
    (add_net "Net-(D35-Pad2)")
    (add_net "Net-(D36-Pad2)")
    (add_net "Net-(D37-Pad2)")
    (add_net "Net-(D38-Pad2)")
    (add_net "Net-(D39-Pad2)")
    (add_net "Net-(D40-Pad2)")
    (add_net "Net-(JP1-Pad2)")
  )

  (module LED_THT:LED_D3.0mm (layer F.Cu) (tedit 587A3A7B) (tstamp 67F929D3)
    (at 169.799 113.919 90)
    (descr "LED, diameter 3.0mm, 2 pins")
    (tags "LED diameter 3.0mm 2 pins")
    (path /6805C112)
    (fp_text reference D1 (at 1.27 -2.96 90) (layer F.Fab) hide
      (effects (font (size 1 1) (thickness 0.15)))
    )
    (fp_text value "660 NM" (at 1.27 2.96 90) (layer F.Fab)
      (effects (font (size 1 1) (thickness 0.15)))
    )
    (fp_circle (center 1.27 0) (end 2.77 0) (layer F.Fab) (width 0.1))
    (fp_line (start -0.23 -1.16619) (end -0.23 1.16619) (layer F.Fab) (width 0.1))
    (fp_line (start -0.29 -1.236) (end -0.29 -1.08) (layer F.SilkS) (width 0.12))
    (fp_line (start -0.29 1.08) (end -0.29 1.236) (layer F.SilkS) (width 0.12))
    (fp_line (start -1.15 -2.25) (end -1.15 2.25) (layer F.CrtYd) (width 0.05))
    (fp_line (start -1.15 2.25) (end 3.7 2.25) (layer F.CrtYd) (width 0.05))
    (fp_line (start 3.7 2.25) (end 3.7 -2.25) (layer F.CrtYd) (width 0.05))
    (fp_line (start 3.7 -2.25) (end -1.15 -2.25) (layer F.CrtYd) (width 0.05))
    (fp_arc (start 1.27 0) (end -0.23 -1.16619) (angle 284.3) (layer F.Fab) (width 0.1))
    (fp_arc (start 1.27 0) (end -0.29 -1.235516) (angle 108.8) (layer F.SilkS) (width 0.12))
    (fp_arc (start 1.27 0) (end -0.29 1.235516) (angle -108.8) (layer F.SilkS) (width 0.12))
    (fp_arc (start 1.27 0) (end 0.229039 -1.08) (angle 87.9) (layer F.SilkS) (width 0.12))
    (fp_arc (start 1.27 0) (end 0.229039 1.08) (angle -87.9) (layer F.SilkS) (width 0.12))
    (pad 1 thru_hole rect (at 0 0 90) (size 1.8 1.8) (drill 0.9) (layers *.Cu *.Mask)
      (net 1 "Net-(D1-Pad1)"))
    (pad 2 thru_hole circle (at 2.54 0 90) (size 1.8 1.8) (drill 0.9) (layers *.Cu *.Mask)
      (net 2 "Net-(D1-Pad2)"))
    (model ${KISYS3DMOD}/LED_THT.3dshapes/LED_D3.0mm.wrl
      (at (xyz 0 0 0))
      (scale (xyz 1 1 1))
      (rotate (xyz 0 0 0))
    )
  )

  (module LED_THT:LED_D3.0mm (layer F.Cu) (tedit 587A3A7B) (tstamp 67F9256B)
    (at 165.265022 121.429283 45)
    (descr "LED, diameter 3.0mm, 2 pins")
    (tags "LED diameter 3.0mm 2 pins")
    (path /68057A4A)
    (fp_text reference D2 (at 1.27 -2.96 45) (layer F.Fab) hide
      (effects (font (size 1 1) (thickness 0.15)))
    )
    (fp_text value "660 NM" (at 1.27 2.96 45) (layer F.Fab)
      (effects (font (size 1 1) (thickness 0.15)))
    )
    (fp_circle (center 1.27 0) (end 2.77 0) (layer F.Fab) (width 0.1))
    (fp_line (start -0.23 -1.16619) (end -0.23 1.16619) (layer F.Fab) (width 0.1))
    (fp_line (start -0.29 -1.236) (end -0.29 -1.08) (layer F.SilkS) (width 0.12))
    (fp_line (start -0.29 1.08) (end -0.29 1.236) (layer F.SilkS) (width 0.12))
    (fp_line (start -1.15 -2.25) (end -1.15 2.25) (layer F.CrtYd) (width 0.05))
    (fp_line (start -1.15 2.25) (end 3.7 2.25) (layer F.CrtYd) (width 0.05))
    (fp_line (start 3.7 2.25) (end 3.7 -2.25) (layer F.CrtYd) (width 0.05))
    (fp_line (start 3.7 -2.25) (end -1.15 -2.25) (layer F.CrtYd) (width 0.05))
    (fp_arc (start 1.27 0) (end -0.23 -1.16619) (angle 284.3) (layer F.Fab) (width 0.1))
    (fp_arc (start 1.27 0) (end -0.29 -1.235516) (angle 108.8) (layer F.SilkS) (width 0.12))
    (fp_arc (start 1.27 0) (end -0.29 1.235516) (angle -108.8) (layer F.SilkS) (width 0.12))
    (fp_arc (start 1.27 0) (end 0.229039 -1.08) (angle 87.9) (layer F.SilkS) (width 0.12))
    (fp_arc (start 1.27 0) (end 0.229039 1.08) (angle -87.9) (layer F.SilkS) (width 0.12))
    (pad 1 thru_hole rect (at 0 0 45) (size 1.8 1.8) (drill 0.9) (layers *.Cu *.Mask)
      (net 3 "Net-(D10-Pad1)"))
    (pad 2 thru_hole circle (at 2.54 0 45) (size 1.8 1.8) (drill 0.9) (layers *.Cu *.Mask)
      (net 4 "Net-(D10-Pad2)"))
    (model ${KISYS3DMOD}/LED_THT.3dshapes/LED_D3.0mm.wrl
      (at (xyz 0 0 0))
      (scale (xyz 1 1 1))
      (rotate (xyz 0 0 0))
    )
  )

  (module LED_THT:LED_D3.0mm (layer F.Cu) (tedit 587A3A7B) (tstamp 67F8AC4C)
    (at 155.321 121.793)
    (descr "LED, diameter 3.0mm, 2 pins")
    (tags "LED diameter 3.0mm 2 pins")
    (path /680614ED)
    (fp_text reference D3 (at 1.27 -2.96) (layer F.Fab) hide
      (effects (font (size 1 1) (thickness 0.15)))
    )
    (fp_text value "660 NM" (at 1.27 2.96) (layer F.Fab)
      (effects (font (size 1 1) (thickness 0.15)))
    )
    (fp_circle (center 1.27 0) (end 2.77 0) (layer F.Fab) (width 0.1))
    (fp_line (start -0.23 -1.16619) (end -0.23 1.16619) (layer F.Fab) (width 0.1))
    (fp_line (start -0.29 -1.236) (end -0.29 -1.08) (layer F.SilkS) (width 0.12))
    (fp_line (start -0.29 1.08) (end -0.29 1.236) (layer F.SilkS) (width 0.12))
    (fp_line (start -1.15 -2.25) (end -1.15 2.25) (layer F.CrtYd) (width 0.05))
    (fp_line (start -1.15 2.25) (end 3.7 2.25) (layer F.CrtYd) (width 0.05))
    (fp_line (start 3.7 2.25) (end 3.7 -2.25) (layer F.CrtYd) (width 0.05))
    (fp_line (start 3.7 -2.25) (end -1.15 -2.25) (layer F.CrtYd) (width 0.05))
    (fp_arc (start 1.27 0) (end -0.23 -1.16619) (angle 284.3) (layer F.Fab) (width 0.1))
    (fp_arc (start 1.27 0) (end -0.29 -1.235516) (angle 108.8) (layer F.SilkS) (width 0.12))
    (fp_arc (start 1.27 0) (end -0.29 1.235516) (angle -108.8) (layer F.SilkS) (width 0.12))
    (fp_arc (start 1.27 0) (end 0.229039 -1.08) (angle 87.9) (layer F.SilkS) (width 0.12))
    (fp_arc (start 1.27 0) (end 0.229039 1.08) (angle -87.9) (layer F.SilkS) (width 0.12))
    (pad 1 thru_hole rect (at 0 0) (size 1.8 1.8) (drill 0.9) (layers *.Cu *.Mask)
      (net 5 "Net-(D11-Pad1)"))
    (pad 2 thru_hole circle (at 2.54 0) (size 1.8 1.8) (drill 0.9) (layers *.Cu *.Mask)
      (net 6 "Net-(D11-Pad2)"))
    (model ${KISYS3DMOD}/LED_THT.3dshapes/LED_D3.0mm.wrl
      (at (xyz 0 0 0))
      (scale (xyz 1 1 1))
      (rotate (xyz 0 0 0))
    )
  )

  (module LED_THT:LED_D3.0mm (layer F.Cu) (tedit 587A3A7B) (tstamp 67F8AC5F)
    (at 147.754421 117.152226 315)
    (descr "LED, diameter 3.0mm, 2 pins")
    (tags "LED diameter 3.0mm 2 pins")
    (path /68069A6F)
    (fp_text reference D4 (at 1.27 -2.96 135) (layer F.Fab) hide
      (effects (font (size 1 1) (thickness 0.15)))
    )
    (fp_text value "660 NM" (at 1.27 2.96 135) (layer F.Fab)
      (effects (font (size 1 1) (thickness 0.15)))
    )
    (fp_line (start 3.7 -2.25) (end -1.15 -2.25) (layer F.CrtYd) (width 0.05))
    (fp_line (start 3.7 2.25) (end 3.7 -2.25) (layer F.CrtYd) (width 0.05))
    (fp_line (start -1.15 2.25) (end 3.7 2.25) (layer F.CrtYd) (width 0.05))
    (fp_line (start -1.15 -2.25) (end -1.15 2.25) (layer F.CrtYd) (width 0.05))
    (fp_line (start -0.29 1.08) (end -0.29 1.236) (layer F.SilkS) (width 0.12))
    (fp_line (start -0.29 -1.236) (end -0.29 -1.08) (layer F.SilkS) (width 0.12))
    (fp_line (start -0.23 -1.16619) (end -0.23 1.16619) (layer F.Fab) (width 0.1))
    (fp_circle (center 1.27 0) (end 2.77 0) (layer F.Fab) (width 0.1))
    (fp_arc (start 1.27 0) (end 0.229039 1.08) (angle -87.9) (layer F.SilkS) (width 0.12))
    (fp_arc (start 1.27 0) (end 0.229039 -1.08) (angle 87.9) (layer F.SilkS) (width 0.12))
    (fp_arc (start 1.27 0) (end -0.29 1.235516) (angle -108.8) (layer F.SilkS) (width 0.12))
    (fp_arc (start 1.27 0) (end -0.29 -1.235516) (angle 108.8) (layer F.SilkS) (width 0.12))
    (fp_arc (start 1.27 0) (end -0.23 -1.16619) (angle 284.3) (layer F.Fab) (width 0.1))
    (pad 2 thru_hole circle (at 2.54 0 315) (size 1.8 1.8) (drill 0.9) (layers *.Cu *.Mask)
      (net 7 "Net-(D12-Pad2)"))
    (pad 1 thru_hole rect (at 0 0 315) (size 1.8 1.8) (drill 0.9) (layers *.Cu *.Mask)
      (net 8 "Net-(D12-Pad1)"))
    (model ${KISYS3DMOD}/LED_THT.3dshapes/LED_D3.0mm.wrl
      (at (xyz 0 0 0))
      (scale (xyz 1 1 1))
      (rotate (xyz 0 0 0))
    )
  )

  (module LED_THT:LED_D3.0mm (layer F.Cu) (tedit 587A3A7B) (tstamp 67F8AC72)
    (at 147.701 107.061 270)
    (descr "LED, diameter 3.0mm, 2 pins")
    (tags "LED diameter 3.0mm 2 pins")
    (path /680728D7)
    (fp_text reference D5 (at 1.27 -2.96 90) (layer F.Fab) hide
      (effects (font (size 1 1) (thickness 0.15)))
    )
    (fp_text value "660 NM" (at 1.27 2.96 90) (layer F.Fab)
      (effects (font (size 1 1) (thickness 0.15)))
    )
    (fp_line (start 3.7 -2.25) (end -1.15 -2.25) (layer F.CrtYd) (width 0.05))
    (fp_line (start 3.7 2.25) (end 3.7 -2.25) (layer F.CrtYd) (width 0.05))
    (fp_line (start -1.15 2.25) (end 3.7 2.25) (layer F.CrtYd) (width 0.05))
    (fp_line (start -1.15 -2.25) (end -1.15 2.25) (layer F.CrtYd) (width 0.05))
    (fp_line (start -0.29 1.08) (end -0.29 1.236) (layer F.SilkS) (width 0.12))
    (fp_line (start -0.29 -1.236) (end -0.29 -1.08) (layer F.SilkS) (width 0.12))
    (fp_line (start -0.23 -1.16619) (end -0.23 1.16619) (layer F.Fab) (width 0.1))
    (fp_circle (center 1.27 0) (end 2.77 0) (layer F.Fab) (width 0.1))
    (fp_arc (start 1.27 0) (end 0.229039 1.08) (angle -87.9) (layer F.SilkS) (width 0.12))
    (fp_arc (start 1.27 0) (end 0.229039 -1.08) (angle 87.9) (layer F.SilkS) (width 0.12))
    (fp_arc (start 1.27 0) (end -0.29 1.235516) (angle -108.8) (layer F.SilkS) (width 0.12))
    (fp_arc (start 1.27 0) (end -0.29 -1.235516) (angle 108.8) (layer F.SilkS) (width 0.12))
    (fp_arc (start 1.27 0) (end -0.23 -1.16619) (angle 284.3) (layer F.Fab) (width 0.1))
    (pad 2 thru_hole circle (at 2.54 0 270) (size 1.8 1.8) (drill 0.9) (layers *.Cu *.Mask)
      (net 9 "Net-(D13-Pad2)"))
    (pad 1 thru_hole rect (at 0 0 270) (size 1.8 1.8) (drill 0.9) (layers *.Cu *.Mask)
      (net 10 "Net-(D13-Pad1)"))
    (model ${KISYS3DMOD}/LED_THT.3dshapes/LED_D3.0mm.wrl
      (at (xyz 0 0 0))
      (scale (xyz 1 1 1))
      (rotate (xyz 0 0 0))
    )
  )

  (module LED_THT:LED_D3.0mm (layer F.Cu) (tedit 587A3A7B) (tstamp 67F8AC85)
    (at 152.031917 99.386564 225)
    (descr "LED, diameter 3.0mm, 2 pins")
    (tags "LED diameter 3.0mm 2 pins")
    (path /6807E827)
    (fp_text reference D6 (at 1.27 -2.96 45) (layer F.Fab) hide
      (effects (font (size 1 1) (thickness 0.15)))
    )
    (fp_text value "660 NM" (at 1.27 2.96 45) (layer F.Fab)
      (effects (font (size 1 1) (thickness 0.15)))
    )
    (fp_circle (center 1.27 0) (end 2.77 0) (layer F.Fab) (width 0.1))
    (fp_line (start -0.23 -1.16619) (end -0.23 1.16619) (layer F.Fab) (width 0.1))
    (fp_line (start -0.29 -1.236) (end -0.29 -1.08) (layer F.SilkS) (width 0.12))
    (fp_line (start -0.29 1.08) (end -0.29 1.236) (layer F.SilkS) (width 0.12))
    (fp_line (start -1.15 -2.25) (end -1.15 2.25) (layer F.CrtYd) (width 0.05))
    (fp_line (start -1.15 2.25) (end 3.7 2.25) (layer F.CrtYd) (width 0.05))
    (fp_line (start 3.7 2.25) (end 3.7 -2.25) (layer F.CrtYd) (width 0.05))
    (fp_line (start 3.7 -2.25) (end -1.15 -2.25) (layer F.CrtYd) (width 0.05))
    (fp_arc (start 1.27 0) (end -0.23 -1.16619) (angle 284.3) (layer F.Fab) (width 0.1))
    (fp_arc (start 1.27 0) (end -0.29 -1.235516) (angle 108.8) (layer F.SilkS) (width 0.12))
    (fp_arc (start 1.27 0) (end -0.29 1.235516) (angle -108.8) (layer F.SilkS) (width 0.12))
    (fp_arc (start 1.27 0) (end 0.229039 -1.08) (angle 87.9) (layer F.SilkS) (width 0.12))
    (fp_arc (start 1.27 0) (end 0.229039 1.08) (angle -87.9) (layer F.SilkS) (width 0.12))
    (pad 1 thru_hole rect (at 0 0 225) (size 1.8 1.8) (drill 0.9) (layers *.Cu *.Mask)
      (net 11 "Net-(D14-Pad1)"))
    (pad 2 thru_hole circle (at 2.54 0 225) (size 1.8 1.8) (drill 0.9) (layers *.Cu *.Mask)
      (net 12 "Net-(D14-Pad2)"))
    (model ${KISYS3DMOD}/LED_THT.3dshapes/LED_D3.0mm.wrl
      (at (xyz 0 0 0))
      (scale (xyz 1 1 1))
      (rotate (xyz 0 0 0))
    )
  )

  (module LED_THT:LED_D3.0mm (layer F.Cu) (tedit 587A3A7B) (tstamp 67F8AC98)
    (at 162.179 99.441 180)
    (descr "LED, diameter 3.0mm, 2 pins")
    (tags "LED diameter 3.0mm 2 pins")
    (path /6808B459)
    (fp_text reference D7 (at 1.27 -2.96) (layer F.Fab) hide
      (effects (font (size 1 1) (thickness 0.15)))
    )
    (fp_text value "660 NM" (at 1.27 2.96) (layer F.Fab)
      (effects (font (size 1 1) (thickness 0.15)))
    )
    (fp_circle (center 1.27 0) (end 2.77 0) (layer F.Fab) (width 0.1))
    (fp_line (start -0.23 -1.16619) (end -0.23 1.16619) (layer F.Fab) (width 0.1))
    (fp_line (start -0.29 -1.236) (end -0.29 -1.08) (layer F.SilkS) (width 0.12))
    (fp_line (start -0.29 1.08) (end -0.29 1.236) (layer F.SilkS) (width 0.12))
    (fp_line (start -1.15 -2.25) (end -1.15 2.25) (layer F.CrtYd) (width 0.05))
    (fp_line (start -1.15 2.25) (end 3.7 2.25) (layer F.CrtYd) (width 0.05))
    (fp_line (start 3.7 2.25) (end 3.7 -2.25) (layer F.CrtYd) (width 0.05))
    (fp_line (start 3.7 -2.25) (end -1.15 -2.25) (layer F.CrtYd) (width 0.05))
    (fp_arc (start 1.27 0) (end -0.23 -1.16619) (angle 284.3) (layer F.Fab) (width 0.1))
    (fp_arc (start 1.27 0) (end -0.29 -1.235516) (angle 108.8) (layer F.SilkS) (width 0.12))
    (fp_arc (start 1.27 0) (end -0.29 1.235516) (angle -108.8) (layer F.SilkS) (width 0.12))
    (fp_arc (start 1.27 0) (end 0.229039 -1.08) (angle 87.9) (layer F.SilkS) (width 0.12))
    (fp_arc (start 1.27 0) (end 0.229039 1.08) (angle -87.9) (layer F.SilkS) (width 0.12))
    (pad 1 thru_hole rect (at 0 0 180) (size 1.8 1.8) (drill 0.9) (layers *.Cu *.Mask)
      (net 13 "Net-(D15-Pad1)"))
    (pad 2 thru_hole circle (at 2.54 0 180) (size 1.8 1.8) (drill 0.9) (layers *.Cu *.Mask)
      (net 14 "Net-(D15-Pad2)"))
    (model ${KISYS3DMOD}/LED_THT.3dshapes/LED_D3.0mm.wrl
      (at (xyz 0 0 0))
      (scale (xyz 1 1 1))
      (rotate (xyz 0 0 0))
    )
  )

  (module LED_THT:LED_D3.0mm (layer F.Cu) (tedit 587A3A7B) (tstamp 67F8ACAB)
    (at 170.30664 103.663621 135)
    (descr "LED, diameter 3.0mm, 2 pins")
    (tags "LED diameter 3.0mm 2 pins")
    (path /6809931C)
    (fp_text reference D8 (at 1.270001 -2.96 135) (layer F.Fab) hide
      (effects (font (size 1 1) (thickness 0.15)))
    )
    (fp_text value "660 NM" (at 1.27 2.96 135) (layer F.Fab)
      (effects (font (size 1 1) (thickness 0.15)))
    )
    (fp_line (start 3.7 -2.25) (end -1.15 -2.25) (layer F.CrtYd) (width 0.05))
    (fp_line (start 3.7 2.25) (end 3.7 -2.25) (layer F.CrtYd) (width 0.05))
    (fp_line (start -1.15 2.25) (end 3.7 2.25) (layer F.CrtYd) (width 0.05))
    (fp_line (start -1.15 -2.25) (end -1.15 2.25) (layer F.CrtYd) (width 0.05))
    (fp_line (start -0.29 1.08) (end -0.29 1.236) (layer F.SilkS) (width 0.12))
    (fp_line (start -0.29 -1.236) (end -0.29 -1.08) (layer F.SilkS) (width 0.12))
    (fp_line (start -0.23 -1.16619) (end -0.23 1.16619) (layer F.Fab) (width 0.1))
    (fp_circle (center 1.27 0) (end 2.77 0) (layer F.Fab) (width 0.1))
    (fp_arc (start 1.27 0) (end 0.229039 1.08) (angle -87.9) (layer F.SilkS) (width 0.12))
    (fp_arc (start 1.27 0) (end 0.229039 -1.08) (angle 87.9) (layer F.SilkS) (width 0.12))
    (fp_arc (start 1.27 0) (end -0.29 1.235516) (angle -108.8) (layer F.SilkS) (width 0.12))
    (fp_arc (start 1.27 0) (end -0.29 -1.235516) (angle 108.8) (layer F.SilkS) (width 0.12))
    (fp_arc (start 1.27 0) (end -0.23 -1.16619) (angle 284.3) (layer F.Fab) (width 0.1))
    (pad 2 thru_hole circle (at 2.54 0 135) (size 1.8 1.8) (drill 0.9) (layers *.Cu *.Mask)
      (net 15 "Net-(D16-Pad2)"))
    (pad 1 thru_hole rect (at 0 0 135) (size 1.8 1.8) (drill 0.9) (layers *.Cu *.Mask)
      (net 16 "Net-(D16-Pad1)"))
    (model ${KISYS3DMOD}/LED_THT.3dshapes/LED_D3.0mm.wrl
      (at (xyz 0 0 0))
      (scale (xyz 1 1 1))
      (rotate (xyz 0 0 0))
    )
  )

  (module LED_SMD:LED_Cree-XHP35 (layer F.Cu) (tedit 5E7E470B) (tstamp 67F924CD)
    (at 172.974 112.649 90)
    (descr http://www.cree.com/~/media/Files/Cree/LED-Components-and-Modules/XLamp/Data-and-Binning/ds--XHP35.pdf)
    (tags "LED Cree XHP35")
    (path /67F87CEE)
    (attr smd)
    (fp_text reference D9 (at 0 -2.75 90) (layer F.Fab) hide
      (effects (font (size 1 1) (thickness 0.15)))
    )
    (fp_text value "660 NM" (at 0 2.75 90) (layer F.Fab)
      (effects (font (size 1 1) (thickness 0.15)))
    )
    (fp_line (start -1.65 -1.65) (end 1.65 -1.65) (layer F.Fab) (width 0.1))
    (fp_line (start 1.65 -1.65) (end 1.65 1.65) (layer F.Fab) (width 0.1))
    (fp_line (start 1.65 1.65) (end -1.65 1.65) (layer F.Fab) (width 0.1))
    (fp_line (start -1.65 1.65) (end -1.65 -1.65) (layer F.Fab) (width 0.1))
    (fp_line (start 0.75 -1.85) (end -1.85 -1.85) (layer F.SilkS) (width 0.12))
    (fp_line (start -1.85 -1.85) (end -1.85 -0.85) (layer F.SilkS) (width 0.12))
    (fp_line (start 0.75 1.85) (end -1.85 1.85) (layer F.SilkS) (width 0.12))
    (fp_line (start -1.85 1.85) (end -1.85 0.85) (layer F.SilkS) (width 0.12))
    (fp_line (start -1.9 1.9) (end 1.9 1.9) (layer F.CrtYd) (width 0.05))
    (fp_line (start 1.9 1.9) (end 1.9 -1.9) (layer F.CrtYd) (width 0.05))
    (fp_line (start 1.9 -1.9) (end -1.9 -1.9) (layer F.CrtYd) (width 0.05))
    (fp_line (start -1.9 -1.9) (end -1.9 1.9) (layer F.CrtYd) (width 0.05))
    (fp_line (start 1.25 0) (end 0.5 0) (layer F.Fab) (width 0.1))
    (fp_line (start -1.25 0) (end -0.5 0) (layer F.Fab) (width 0.1))
    (fp_line (start -0.5 -0.5) (end -0.5 0.5) (layer F.Fab) (width 0.1))
    (fp_line (start -0.5 0) (end 0.5 -0.5) (layer F.Fab) (width 0.1))
    (fp_line (start 0.5 -0.5) (end 0.5 0.5) (layer F.Fab) (width 0.1))
    (fp_line (start 0.5 0.5) (end -0.5 0) (layer F.Fab) (width 0.1))
    (fp_text user %R (at 0 0 90) (layer F.Fab)
      (effects (font (size 0.8 0.8) (thickness 0.08)))
    )
    (pad 2 smd rect (at 1.4 0 90) (size 0.5 3.3) (layers F.Cu F.Paste F.Mask)
      (net 2 "Net-(D1-Pad2)"))
    (pad 1 smd rect (at -1.4 0 90) (size 0.5 3.3) (layers F.Cu F.Paste F.Mask)
      (net 1 "Net-(D1-Pad1)"))
    (pad 3 smd rect (at 0 0 90) (size 1.3 3.3) (layers F.Cu F.Mask))
    (pad "" smd rect (at 0 1 90) (size 1.01 0.75) (layers F.Paste))
    (pad "" smd rect (at 0 -1 90) (size 1.01 0.75) (layers F.Paste))
    (pad "" smd rect (at 0 0 90) (size 1.01 0.75) (layers F.Paste))
    (model ${KISYS3DMOD}/LED_SMD.3dshapes/LED_Cree-XHP35.wrl
      (at (xyz 0 0 0))
      (scale (xyz 1 1 1))
      (rotate (xyz 0 0 0))
    )
  )

  (module LED_SMD:LED_Cree-XHP35 (layer F.Cu) (tedit 5E7E470B) (tstamp 67F92521)
    (at 168.408112 122.776321 45)
    (descr http://www.cree.com/~/media/Files/Cree/LED-Components-and-Modules/XLamp/Data-and-Binning/ds--XHP35.pdf)
    (tags "LED Cree XHP35")
    (path /68057A44)
    (attr smd)
    (fp_text reference D10 (at 0 -2.75 45) (layer F.Fab) hide
      (effects (font (size 1 1) (thickness 0.15)))
    )
    (fp_text value "660 NM" (at 0 2.75 45) (layer F.Fab)
      (effects (font (size 1 1) (thickness 0.15)))
    )
    (fp_line (start 0.5 0.5) (end -0.5 0) (layer F.Fab) (width 0.1))
    (fp_line (start 0.5 -0.5) (end 0.5 0.5) (layer F.Fab) (width 0.1))
    (fp_line (start -0.5 0) (end 0.5 -0.5) (layer F.Fab) (width 0.1))
    (fp_line (start -0.5 -0.5) (end -0.5 0.5) (layer F.Fab) (width 0.1))
    (fp_line (start -1.25 0) (end -0.5 0) (layer F.Fab) (width 0.1))
    (fp_line (start 1.25 0) (end 0.5 0) (layer F.Fab) (width 0.1))
    (fp_line (start -1.9 -1.9) (end -1.9 1.9) (layer F.CrtYd) (width 0.05))
    (fp_line (start 1.9 -1.9) (end -1.9 -1.9) (layer F.CrtYd) (width 0.05))
    (fp_line (start 1.9 1.9) (end 1.9 -1.9) (layer F.CrtYd) (width 0.05))
    (fp_line (start -1.9 1.9) (end 1.9 1.9) (layer F.CrtYd) (width 0.05))
    (fp_line (start -1.85 1.85) (end -1.85 0.85) (layer F.SilkS) (width 0.12))
    (fp_line (start 0.75 1.85) (end -1.85 1.85) (layer F.SilkS) (width 0.12))
    (fp_line (start -1.85 -1.85) (end -1.85 -0.85) (layer F.SilkS) (width 0.12))
    (fp_line (start 0.75 -1.85) (end -1.85 -1.85) (layer F.SilkS) (width 0.12))
    (fp_line (start -1.65 1.65) (end -1.65 -1.65) (layer F.Fab) (width 0.1))
    (fp_line (start 1.65 1.65) (end -1.65 1.65) (layer F.Fab) (width 0.1))
    (fp_line (start 1.65 -1.65) (end 1.65 1.65) (layer F.Fab) (width 0.1))
    (fp_line (start -1.65 -1.65) (end 1.65 -1.65) (layer F.Fab) (width 0.1))
    (fp_text user %R (at 0 0 45) (layer F.Fab)
      (effects (font (size 0.8 0.8) (thickness 0.08)))
    )
    (pad "" smd rect (at 0 0 45) (size 1.01 0.75) (layers F.Paste))
    (pad "" smd rect (at 0 -1 45) (size 1.01 0.75) (layers F.Paste))
    (pad "" smd rect (at 0 1 45) (size 1.01 0.75) (layers F.Paste))
    (pad 3 smd rect (at 0 0 45) (size 1.3 3.3) (layers F.Cu F.Mask))
    (pad 1 smd rect (at -1.4 0 45) (size 0.5 3.3) (layers F.Cu F.Paste F.Mask)
      (net 3 "Net-(D10-Pad1)"))
    (pad 2 smd rect (at 1.4 0 45) (size 0.5 3.3) (layers F.Cu F.Paste F.Mask)
      (net 4 "Net-(D10-Pad2)"))
    (model ${KISYS3DMOD}/LED_SMD.3dshapes/LED_Cree-XHP35.wrl
      (at (xyz 0 0 0))
      (scale (xyz 1 1 1))
      (rotate (xyz 0 0 0))
    )
  )

  (module LED_SMD:LED_Cree-XHP35 (layer F.Cu) (tedit 5E7E470B) (tstamp 67F8AD02)
    (at 156.591 124.968)
    (descr http://www.cree.com/~/media/Files/Cree/LED-Components-and-Modules/XLamp/Data-and-Binning/ds--XHP35.pdf)
    (tags "LED Cree XHP35")
    (path /680614E7)
    (attr smd)
    (fp_text reference D11 (at 0 -2.75) (layer F.Fab) hide
      (effects (font (size 1 1) (thickness 0.15)))
    )
    (fp_text value "660 NM" (at 0 2.75) (layer F.Fab)
      (effects (font (size 1 1) (thickness 0.15)))
    )
    (fp_line (start 0.5 0.5) (end -0.5 0) (layer F.Fab) (width 0.1))
    (fp_line (start 0.5 -0.5) (end 0.5 0.5) (layer F.Fab) (width 0.1))
    (fp_line (start -0.5 0) (end 0.5 -0.5) (layer F.Fab) (width 0.1))
    (fp_line (start -0.5 -0.5) (end -0.5 0.5) (layer F.Fab) (width 0.1))
    (fp_line (start -1.25 0) (end -0.5 0) (layer F.Fab) (width 0.1))
    (fp_line (start 1.25 0) (end 0.5 0) (layer F.Fab) (width 0.1))
    (fp_line (start -1.9 -1.9) (end -1.9 1.9) (layer F.CrtYd) (width 0.05))
    (fp_line (start 1.9 -1.9) (end -1.9 -1.9) (layer F.CrtYd) (width 0.05))
    (fp_line (start 1.9 1.9) (end 1.9 -1.9) (layer F.CrtYd) (width 0.05))
    (fp_line (start -1.9 1.9) (end 1.9 1.9) (layer F.CrtYd) (width 0.05))
    (fp_line (start -1.85 1.85) (end -1.85 0.85) (layer F.SilkS) (width 0.12))
    (fp_line (start 0.75 1.85) (end -1.85 1.85) (layer F.SilkS) (width 0.12))
    (fp_line (start -1.85 -1.85) (end -1.85 -0.85) (layer F.SilkS) (width 0.12))
    (fp_line (start 0.75 -1.85) (end -1.85 -1.85) (layer F.SilkS) (width 0.12))
    (fp_line (start -1.65 1.65) (end -1.65 -1.65) (layer F.Fab) (width 0.1))
    (fp_line (start 1.65 1.65) (end -1.65 1.65) (layer F.Fab) (width 0.1))
    (fp_line (start 1.65 -1.65) (end 1.65 1.65) (layer F.Fab) (width 0.1))
    (fp_line (start -1.65 -1.65) (end 1.65 -1.65) (layer F.Fab) (width 0.1))
    (fp_text user %R (at 0 0) (layer F.Fab)
      (effects (font (size 0.8 0.8) (thickness 0.08)))
    )
    (pad "" smd rect (at 0 0) (size 1.01 0.75) (layers F.Paste))
    (pad "" smd rect (at 0 -1) (size 1.01 0.75) (layers F.Paste))
    (pad "" smd rect (at 0 1) (size 1.01 0.75) (layers F.Paste))
    (pad 3 smd rect (at 0 0) (size 1.3 3.3) (layers F.Cu F.Mask))
    (pad 1 smd rect (at -1.4 0) (size 0.5 3.3) (layers F.Cu F.Paste F.Mask)
      (net 5 "Net-(D11-Pad1)"))
    (pad 2 smd rect (at 1.4 0) (size 0.5 3.3) (layers F.Cu F.Paste F.Mask)
      (net 6 "Net-(D11-Pad2)"))
    (model ${KISYS3DMOD}/LED_SMD.3dshapes/LED_Cree-XHP35.wrl
      (at (xyz 0 0 0))
      (scale (xyz 1 1 1))
      (rotate (xyz 0 0 0))
    )
  )

  (module LED_SMD:LED_Cree-XHP35 (layer F.Cu) (tedit 5E7E470B) (tstamp 67F8AD1F)
    (at 146.407383 120.295315 315)
    (descr http://www.cree.com/~/media/Files/Cree/LED-Components-and-Modules/XLamp/Data-and-Binning/ds--XHP35.pdf)
    (tags "LED Cree XHP35")
    (path /68069A69)
    (attr smd)
    (fp_text reference D12 (at 0 -2.75 135) (layer F.Fab) hide
      (effects (font (size 1 1) (thickness 0.15)))
    )
    (fp_text value "660 NM" (at 0 2.75 135) (layer F.Fab)
      (effects (font (size 1 1) (thickness 0.15)))
    )
    (fp_line (start 0.5 0.5) (end -0.5 0) (layer F.Fab) (width 0.1))
    (fp_line (start 0.5 -0.5) (end 0.5 0.5) (layer F.Fab) (width 0.1))
    (fp_line (start -0.5 0) (end 0.5 -0.5) (layer F.Fab) (width 0.1))
    (fp_line (start -0.5 -0.5) (end -0.5 0.5) (layer F.Fab) (width 0.1))
    (fp_line (start -1.25 0) (end -0.5 0) (layer F.Fab) (width 0.1))
    (fp_line (start 1.25 0) (end 0.5 0) (layer F.Fab) (width 0.1))
    (fp_line (start -1.9 -1.9) (end -1.9 1.9) (layer F.CrtYd) (width 0.05))
    (fp_line (start 1.9 -1.9) (end -1.9 -1.9) (layer F.CrtYd) (width 0.05))
    (fp_line (start 1.9 1.9) (end 1.9 -1.9) (layer F.CrtYd) (width 0.05))
    (fp_line (start -1.9 1.9) (end 1.9 1.9) (layer F.CrtYd) (width 0.05))
    (fp_line (start -1.85 1.85) (end -1.85 0.85) (layer F.SilkS) (width 0.12))
    (fp_line (start 0.75 1.85) (end -1.85 1.85) (layer F.SilkS) (width 0.12))
    (fp_line (start -1.85 -1.85) (end -1.85 -0.85) (layer F.SilkS) (width 0.12))
    (fp_line (start 0.75 -1.85) (end -1.85 -1.85) (layer F.SilkS) (width 0.12))
    (fp_line (start -1.65 1.65) (end -1.65 -1.65) (layer F.Fab) (width 0.1))
    (fp_line (start 1.65 1.65) (end -1.65 1.65) (layer F.Fab) (width 0.1))
    (fp_line (start 1.65 -1.65) (end 1.65 1.65) (layer F.Fab) (width 0.1))
    (fp_line (start -1.65 -1.65) (end 1.65 -1.65) (layer F.Fab) (width 0.1))
    (fp_text user %R (at 0 0 135) (layer F.Fab)
      (effects (font (size 0.8 0.8) (thickness 0.08)))
    )
    (pad "" smd rect (at 0 0 315) (size 1.01 0.75) (layers F.Paste))
    (pad "" smd rect (at 0 -1 315) (size 1.01 0.75) (layers F.Paste))
    (pad "" smd rect (at 0 1 315) (size 1.01 0.75) (layers F.Paste))
    (pad 3 smd rect (at 0 0 315) (size 1.3 3.3) (layers F.Cu F.Mask))
    (pad 1 smd rect (at -1.4 0 315) (size 0.5 3.3) (layers F.Cu F.Paste F.Mask)
      (net 8 "Net-(D12-Pad1)"))
    (pad 2 smd rect (at 1.4 0 315) (size 0.5 3.3) (layers F.Cu F.Paste F.Mask)
      (net 7 "Net-(D12-Pad2)"))
    (model ${KISYS3DMOD}/LED_SMD.3dshapes/LED_Cree-XHP35.wrl
      (at (xyz 0 0 0))
      (scale (xyz 1 1 1))
      (rotate (xyz 0 0 0))
    )
  )

  (module LED_SMD:LED_Cree-XHP35 (layer F.Cu) (tedit 5E7E470B) (tstamp 67F8CD17)
    (at 144.526 108.331 270)
    (descr http://www.cree.com/~/media/Files/Cree/LED-Components-and-Modules/XLamp/Data-and-Binning/ds--XHP35.pdf)
    (tags "LED Cree XHP35")
    (path /680728D1)
    (attr smd)
    (fp_text reference D13 (at 0 -2.75 90) (layer F.Fab) hide
      (effects (font (size 1 1) (thickness 0.15)))
    )
    (fp_text value "660 NM" (at 0 2.75 90) (layer F.Fab)
      (effects (font (size 1 1) (thickness 0.15)))
    )
    (fp_line (start -1.65 -1.65) (end 1.65 -1.65) (layer F.Fab) (width 0.1))
    (fp_line (start 1.65 -1.65) (end 1.65 1.65) (layer F.Fab) (width 0.1))
    (fp_line (start 1.65 1.65) (end -1.65 1.65) (layer F.Fab) (width 0.1))
    (fp_line (start -1.65 1.65) (end -1.65 -1.65) (layer F.Fab) (width 0.1))
    (fp_line (start 0.75 -1.85) (end -1.85 -1.85) (layer F.SilkS) (width 0.12))
    (fp_line (start -1.85 -1.85) (end -1.85 -0.85) (layer F.SilkS) (width 0.12))
    (fp_line (start 0.75 1.85) (end -1.85 1.85) (layer F.SilkS) (width 0.12))
    (fp_line (start -1.85 1.85) (end -1.85 0.85) (layer F.SilkS) (width 0.12))
    (fp_line (start -1.9 1.9) (end 1.9 1.9) (layer F.CrtYd) (width 0.05))
    (fp_line (start 1.9 1.9) (end 1.9 -1.9) (layer F.CrtYd) (width 0.05))
    (fp_line (start 1.9 -1.9) (end -1.9 -1.9) (layer F.CrtYd) (width 0.05))
    (fp_line (start -1.9 -1.9) (end -1.9 1.9) (layer F.CrtYd) (width 0.05))
    (fp_line (start 1.25 0) (end 0.5 0) (layer F.Fab) (width 0.1))
    (fp_line (start -1.25 0) (end -0.5 0) (layer F.Fab) (width 0.1))
    (fp_line (start -0.5 -0.5) (end -0.5 0.5) (layer F.Fab) (width 0.1))
    (fp_line (start -0.5 0) (end 0.5 -0.5) (layer F.Fab) (width 0.1))
    (fp_line (start 0.5 -0.5) (end 0.5 0.5) (layer F.Fab) (width 0.1))
    (fp_line (start 0.5 0.5) (end -0.5 0) (layer F.Fab) (width 0.1))
    (fp_text user %R (at 0 0 90) (layer F.Fab)
      (effects (font (size 0.8 0.8) (thickness 0.08)))
    )
    (pad 2 smd rect (at 1.4 0 270) (size 0.5 3.3) (layers F.Cu F.Paste F.Mask)
      (net 9 "Net-(D13-Pad2)"))
    (pad 1 smd rect (at -1.4 0 270) (size 0.5 3.3) (layers F.Cu F.Paste F.Mask)
      (net 10 "Net-(D13-Pad1)"))
    (pad 3 smd rect (at 0 0 270) (size 1.3 3.3) (layers F.Cu F.Mask))
    (pad "" smd rect (at 0 1 270) (size 1.01 0.75) (layers F.Paste))
    (pad "" smd rect (at 0 -1 270) (size 1.01 0.75) (layers F.Paste))
    (pad "" smd rect (at 0 0 270) (size 1.01 0.75) (layers F.Paste))
    (model ${KISYS3DMOD}/LED_SMD.3dshapes/LED_Cree-XHP35.wrl
      (at (xyz 0 0 0))
      (scale (xyz 1 1 1))
      (rotate (xyz 0 0 0))
    )
  )

  (module LED_SMD:LED_Cree-XHP35 (layer F.Cu) (tedit 5E7E470B) (tstamp 67F8AD59)
    (at 148.888828 98.039526 225)
    (descr http://www.cree.com/~/media/Files/Cree/LED-Components-and-Modules/XLamp/Data-and-Binning/ds--XHP35.pdf)
    (tags "LED Cree XHP35")
    (path /6807E821)
    (attr smd)
    (fp_text reference D14 (at 0 -2.75 45) (layer F.Fab) hide
      (effects (font (size 1 1) (thickness 0.15)))
    )
    (fp_text value "660 NM" (at 0 2.75 45) (layer F.Fab)
      (effects (font (size 1 1) (thickness 0.15)))
    )
    (fp_line (start -1.65 -1.65) (end 1.65 -1.65) (layer F.Fab) (width 0.1))
    (fp_line (start 1.65 -1.65) (end 1.65 1.65) (layer F.Fab) (width 0.1))
    (fp_line (start 1.65 1.65) (end -1.65 1.65) (layer F.Fab) (width 0.1))
    (fp_line (start -1.65 1.65) (end -1.65 -1.65) (layer F.Fab) (width 0.1))
    (fp_line (start 0.75 -1.85) (end -1.85 -1.85) (layer F.SilkS) (width 0.12))
    (fp_line (start -1.85 -1.85) (end -1.85 -0.85) (layer F.SilkS) (width 0.12))
    (fp_line (start 0.75 1.85) (end -1.85 1.85) (layer F.SilkS) (width 0.12))
    (fp_line (start -1.85 1.85) (end -1.85 0.85) (layer F.SilkS) (width 0.12))
    (fp_line (start -1.9 1.9) (end 1.9 1.9) (layer F.CrtYd) (width 0.05))
    (fp_line (start 1.9 1.9) (end 1.9 -1.9) (layer F.CrtYd) (width 0.05))
    (fp_line (start 1.9 -1.9) (end -1.9 -1.9) (layer F.CrtYd) (width 0.05))
    (fp_line (start -1.9 -1.9) (end -1.9 1.9) (layer F.CrtYd) (width 0.05))
    (fp_line (start 1.25 0) (end 0.5 0) (layer F.Fab) (width 0.1))
    (fp_line (start -1.25 0) (end -0.5 0) (layer F.Fab) (width 0.1))
    (fp_line (start -0.5 -0.5) (end -0.5 0.5) (layer F.Fab) (width 0.1))
    (fp_line (start -0.5 0) (end 0.5 -0.5) (layer F.Fab) (width 0.1))
    (fp_line (start 0.5 -0.5) (end 0.5 0.5) (layer F.Fab) (width 0.1))
    (fp_line (start 0.5 0.5) (end -0.5 0) (layer F.Fab) (width 0.1))
    (fp_text user %R (at 0 0 45) (layer F.Fab)
      (effects (font (size 0.8 0.8) (thickness 0.08)))
    )
    (pad 2 smd rect (at 1.4 0 225) (size 0.5 3.3) (layers F.Cu F.Paste F.Mask)
      (net 12 "Net-(D14-Pad2)"))
    (pad 1 smd rect (at -1.4 0 225) (size 0.5 3.3) (layers F.Cu F.Paste F.Mask)
      (net 11 "Net-(D14-Pad1)"))
    (pad 3 smd rect (at 0 0 225) (size 1.3 3.3) (layers F.Cu F.Mask))
    (pad "" smd rect (at 0 1 225) (size 1.01 0.75) (layers F.Paste))
    (pad "" smd rect (at 0 -1 225) (size 1.01 0.75) (layers F.Paste))
    (pad "" smd rect (at 0 0 225) (size 1.01 0.75) (layers F.Paste))
    (model ${KISYS3DMOD}/LED_SMD.3dshapes/LED_Cree-XHP35.wrl
      (at (xyz 0 0 0))
      (scale (xyz 1 1 1))
      (rotate (xyz 0 0 0))
    )
  )

  (module LED_SMD:LED_Cree-XHP35 (layer F.Cu) (tedit 5E7E470B) (tstamp 67F8AD76)
    (at 160.909 96.266 180)
    (descr http://www.cree.com/~/media/Files/Cree/LED-Components-and-Modules/XLamp/Data-and-Binning/ds--XHP35.pdf)
    (tags "LED Cree XHP35")
    (path /6808B453)
    (attr smd)
    (fp_text reference D15 (at 0 -2.75) (layer F.Fab) hide
      (effects (font (size 1 1) (thickness 0.15)))
    )
    (fp_text value "660 NM" (at 0 2.75) (layer F.Fab)
      (effects (font (size 1 1) (thickness 0.15)))
    )
    (fp_line (start -1.65 -1.65) (end 1.65 -1.65) (layer F.Fab) (width 0.1))
    (fp_line (start 1.65 -1.65) (end 1.65 1.65) (layer F.Fab) (width 0.1))
    (fp_line (start 1.65 1.65) (end -1.65 1.65) (layer F.Fab) (width 0.1))
    (fp_line (start -1.65 1.65) (end -1.65 -1.65) (layer F.Fab) (width 0.1))
    (fp_line (start 0.75 -1.85) (end -1.85 -1.85) (layer F.SilkS) (width 0.12))
    (fp_line (start -1.85 -1.85) (end -1.85 -0.85) (layer F.SilkS) (width 0.12))
    (fp_line (start 0.75 1.85) (end -1.85 1.85) (layer F.SilkS) (width 0.12))
    (fp_line (start -1.85 1.85) (end -1.85 0.85) (layer F.SilkS) (width 0.12))
    (fp_line (start -1.9 1.9) (end 1.9 1.9) (layer F.CrtYd) (width 0.05))
    (fp_line (start 1.9 1.9) (end 1.9 -1.9) (layer F.CrtYd) (width 0.05))
    (fp_line (start 1.9 -1.9) (end -1.9 -1.9) (layer F.CrtYd) (width 0.05))
    (fp_line (start -1.9 -1.9) (end -1.9 1.9) (layer F.CrtYd) (width 0.05))
    (fp_line (start 1.25 0) (end 0.5 0) (layer F.Fab) (width 0.1))
    (fp_line (start -1.25 0) (end -0.5 0) (layer F.Fab) (width 0.1))
    (fp_line (start -0.5 -0.5) (end -0.5 0.5) (layer F.Fab) (width 0.1))
    (fp_line (start -0.5 0) (end 0.5 -0.5) (layer F.Fab) (width 0.1))
    (fp_line (start 0.5 -0.5) (end 0.5 0.5) (layer F.Fab) (width 0.1))
    (fp_line (start 0.5 0.5) (end -0.5 0) (layer F.Fab) (width 0.1))
    (fp_text user %R (at 0 0) (layer F.Fab)
      (effects (font (size 0.8 0.8) (thickness 0.08)))
    )
    (pad 2 smd rect (at 1.4 0 180) (size 0.5 3.3) (layers F.Cu F.Paste F.Mask)
      (net 14 "Net-(D15-Pad2)"))
    (pad 1 smd rect (at -1.4 0 180) (size 0.5 3.3) (layers F.Cu F.Paste F.Mask)
      (net 13 "Net-(D15-Pad1)"))
    (pad 3 smd rect (at 0 0 180) (size 1.3 3.3) (layers F.Cu F.Mask))
    (pad "" smd rect (at 0 1 180) (size 1.01 0.75) (layers F.Paste))
    (pad "" smd rect (at 0 -1 180) (size 1.01 0.75) (layers F.Paste))
    (pad "" smd rect (at 0 0 180) (size 1.01 0.75) (layers F.Paste))
    (model ${KISYS3DMOD}/LED_SMD.3dshapes/LED_Cree-XHP35.wrl
      (at (xyz 0 0 0))
      (scale (xyz 1 1 1))
      (rotate (xyz 0 0 0))
    )
  )

  (module LED_SMD:LED_Cree-XHP35 (layer F.Cu) (tedit 5E7E470B) (tstamp 67F8AD93)
    (at 171.653678 100.520531 135)
    (descr http://www.cree.com/~/media/Files/Cree/LED-Components-and-Modules/XLamp/Data-and-Binning/ds--XHP35.pdf)
    (tags "LED Cree XHP35")
    (path /68099316)
    (attr smd)
    (fp_text reference D16 (at 0 -2.75 135) (layer F.Fab) hide
      (effects (font (size 1 1) (thickness 0.15)))
    )
    (fp_text value "660 NM" (at 0 2.75 135) (layer F.Fab)
      (effects (font (size 1 1) (thickness 0.15)))
    )
    (fp_line (start 0.5 0.5) (end -0.5 0) (layer F.Fab) (width 0.1))
    (fp_line (start 0.5 -0.5) (end 0.5 0.5) (layer F.Fab) (width 0.1))
    (fp_line (start -0.5 0) (end 0.5 -0.5) (layer F.Fab) (width 0.1))
    (fp_line (start -0.5 -0.5) (end -0.5 0.5) (layer F.Fab) (width 0.1))
    (fp_line (start -1.25 0) (end -0.5 0) (layer F.Fab) (width 0.1))
    (fp_line (start 1.25 0) (end 0.5 0) (layer F.Fab) (width 0.1))
    (fp_line (start -1.9 -1.9) (end -1.9 1.9) (layer F.CrtYd) (width 0.05))
    (fp_line (start 1.9 -1.9) (end -1.9 -1.9) (layer F.CrtYd) (width 0.05))
    (fp_line (start 1.9 1.9) (end 1.9 -1.9) (layer F.CrtYd) (width 0.05))
    (fp_line (start -1.9 1.9) (end 1.9 1.9) (layer F.CrtYd) (width 0.05))
